kinematics:
  shoulder:
    x: 0
    y: 0
    z: 0.1626508508974626
    roll: -0
    pitch: 0
    yaw: 4.629910761722034e-08
  upper_arm:
    x: -3.808277785515128e-06
    y: 0
    z: 0
    roll: 1.570970616664892
    pitch: 0
    yaw: -2.268571221208946e-06
  forearm:
    x: -0.425079907933731
    y: 0
    z: 0
    roll: 0.001789476828168208
    pitch: -0.0003817628597146693
    yaw: -1.00427176478418e-05
  wrist_1:
    x: -0.3920537075993417
    y: -0.001035003702268915
    z: 0.1338183352539938
    roll: 0.007734239577700673
    pitch: 0.001653035180899676
    yaw: 1.376160823301771e-07
  wrist_2:
    x: 7.956111582514898e-05
    y: -0.09974007175701328
    z: 6.494237822322331e-05
    roll: 1.570145210669735
    pitch: 0
    yaw: -1.073951672193179e-06
  wrist_3:
    x: 2.982570407064778e-05
    y: 0.09958303649848235
    z: 3.844796960353621e-05
    roll: 1.571182416324248
    pitch: 3.141592653589793
    yaw: 3.141592092938784
  hash: calib_17486409932770508682