kinematics:
  shoulder:
    x: 0
    y: 0
    z: 0.1628295030693742
    roll: -0
    pitch: 0
    yaw: -3.458827181612723e-08
  upper_arm:
    x: 0.0002211983238566047
    y: 0
    z: 0
    roll: 1.570242458237639
    pitch: 0
    yaw: 1.044112597280235e-06
  forearm:
    x: -0.4251723608226427
    y: 0
    z: 0
    roll: 0.001004079744967925
    pitch: -0.0008833500602268243
    yaw: 6.835898295454057e-07
  wrist_1:
    x: -0.3922809656413332
    y: -0.0009573328128588662
    z: 0.1335128382851253
    roll: 0.007170219875108691
    pitch: 0.001047197085710433
    yaw: -8.043164682352881e-06
  wrist_2:
    x: 0.0001709734397519078
    y: -0.09968980872303686
    z: 1.199818155592837e-05
    roll: 1.570675971648752
    pitch: 0
    yaw: -1.088908726940649e-06
  wrist_3:
    x: 4.214767003763811e-05
    y: 0.0995742635353826
    z: -1.616249535538402e-08
    roll: 1.570796164478905
    pitch: 3.141592653589793
    yaw: -3.141592607371726
  hash: calib_1816894113811980149